73975
23973
50190
91768
96238
4394
18523
47680
80310
99173
90008
29645
84661
58764
63393
54659
90657
5463
29162
5830
66746
56724
15295
92623
27553
2845
89629
72638
5892
6004
30250
80107
62199
26639
88528
61383
75456
12728
12490
66303
28839
29999
83862
82709
76425
53144
75971
38891
28066
46479
65700
8477
79528
38526
52108
23052
75287
29886
82755
41655
83421
11992
49409
30379
29055
6644
10379
22081
43604
36409
50557
95232
64711
41715
52063
35389
77715
46809
69112
2140
70276
32001
34678
14261
57393
15104
39327
46288
48580
88584
49060
91223
58291
27117
97130
27222
82864
79547
85067
48028
66739
91891
21667
20555
22532
5651
12233
26717
49073
70057
46360
63826
93684
66577
36923
90263
3731
2188
61933
82161
88898
56805
88167
92506
5028
96101
20858
19846
20803
91222
29908
79337
70359
19083
85915
50287
60754
78941
89763
61852
36382
78316
22763
47347
76234
98972
74678
50056
30570
42665
14659
45094
31515
18182
54547
89828
12163
58942
7444
99305
29165
49749
34644
21794
40057
68491
46447
35495
99212
24483
17229
80003
27458
61055
80314
8033
49274
6873
38357
20846
36208
36820
33567
63061
8887
92433
61263
76505
19175
30194
14536
6843
61342
33695
14836
11197
81996
41342
39161
25407
87915
10085
67230
47626
26073
13648
80169
28019
81155
74107
84170
15985
153
22351
17340
6753
1816
51249
42147
99987
96757
47351
99380
42539
41840
82856
44552
23047
73824
9159
56103
83293
25620
35200
84229
55507
91773
30918
19241
7829
31993
58979
62888
4401
24137
99612
46556
69756
22791
44776
60796
35564
89120
45015
73796
37156
38073
71635
40858
73097
65637
46585
93869
65747
68673
13790
96224
46217
5626
87739
8702
46112
85675
25168
18119
49170
26183
80805
78998
42067
46003
77744
83198
6744
8619
98297
79681
54321
54699
33783
55650
72064
6458
17044
97973
62386
1151
38818
77615
691
87016
56027
88572
34349
13839
66421
81514
16311
24121
98334
23848
76693
78019
52082
23237
52370
91964
52111
88482
99235
12794
3121
35088
57667
86941
77214
54323
538
20630
58633
99197
91873
81519
71818
8034
88447
41395
38213
36240
44572
42422
43183
30499
79579
27524
65584
35783
95302
9851
29489
60576
89194
37199
89261
42193
62604
22453
3856
98158
46641
83360
54648
7259
15015
67248
38239
33745
69146
17584
38829
71724
67806
70488
3187
55971
20504
11107
11912
98151
81611
90820
5659
85342
27750
73667
95594
77792
16278
13547
79199
16327
37596
83510
67493
20286
91732
56139
18922
1427
50737
80432
59655
32162
11
42121
15872
25769
25369
73000
16965
95538
75877
44024
92913
67866
55316
69221
19885
45799
59762
2313
57220
77313
10245
21747
54720
55882
90945
51643
75642
14343
38376
51831
94525
27345
4734
53724
78133
64261
9541
14617
10939
22549
88706
66279
34729
84334
99984
54138
66401
78471
48393
31029
68767
59742
9464
58618
56569
2820
76456
11276
23708
74188
73519
21894
28914
53970
67702
48084
73234
51379
97661
45252
81003
21830
21901
43613
69899
68497
52152
31406
77603
43686
16173
38234
16930
31757
31400
11522
66562
41157
5788
89835
66152
32310
3017
87851
47344
35374
28760
29768
57704
3295
1051
45536
38344
97543
94571
87276
14376
27787
85999
22907
66421
85729
65651
15809
99567
20903
63066
98147
94656
36004
64341
76560
33374
8620
55949
70915
60371
52674
24668
93042
3209
7507
54957
88431
18096
66337
25295
82793
83281
42663
43920
77280
93096
3284
66280
43277
57421
91260
30896
87807
2846
77104
49009
33884
24173
54012
441
48389
15701
96435
219
25250
64715
63071
12387
10603
81860
51183
90794
58639
17082
25750
67863
56186
49554
96768
82578
78505
29392
26429
74307
7202
2991
66328
98253
43035
6504
94663
61213
81235
14713
1179
33114
12261
40888
89928
2029
68807
2975
59469
70336
35193
17931
28698
95398
78252
60275
27776
53728
27966
62707
62127
31543
15753
92166
56578
52400
19552
24965
20676
94590
32067
15919
95114
86437
25592
92259
26404
96857
23643
89655
45826
91064
77485
87321
64358
26017
30612
79881
86143
7690
13958
94444
49656
5424
81178
90933
30185
45196
94377
59350
18130
17768
33441
84887
60081
71834
48017
88407
14471
3744
5303
80203
93123
70049
5842
3238
73411
60098
10789
25239
29569
26834
90656
5601
29668
35139
34963
89889
90033
33222
17829
5741
7671
26898
23889
45307
40154
35877
310
80053
2230
19814
36656
59920
19801
60675
21140
28785
24781
56483
20103
26254
21471
51606
148
47990
97951
42019
54806
75698
69987
49208
4979
62354
83210
54263
63049
88676
24024
83068
33350
77341
93558
84056
93451
90849
36728
7365
92285
38273
75317
62361
34692
6198
80092
99929
81092
70231
61553
34868
79266
7524
19237
80179
60015
32890
20761
93882
10465
16861
78441
73862
56532
64049
84775
72343
19454
15331
50989
31448
67096
49306
18553
92360
62761
73009
31476
84314
30163
68570
6911
33981
72892
73830
71281
14757
89970
89251
84318
80659
37558
83085
15228
66031
78102
49273
86813
47396
73543
71244
89807
97135
31512
6856
20290
68247
7576
16717
61151
37267
672
49959
42189
86010
15461
25033
50135
61016
81999
6657
15728
73592
76923
80783
3181
12254
83498
99211
50075
16560
224
209
61775
54732
15521
73774
28067
9010
69006
21673
17034
93739
1806
83249
72037
2284
81603
25851
5290
37303
8070
68559
37510
94536
19166
46407
18863
87834
3037
76077
32537
97572
13864
66152
58923
83832
67219
61631
99778
86363
14512
90863
16662
57549
38300
65915
9833
98427
44279
17314
31456
69043
38626
72045
70993
55068
38431
29654
16749
2055
8417
68871
10469
9890
82906
73933
187
54663
28788
37507
95789
98954
5274
30240
62166
81115
23426
8158
5988
2567
7155
12054
27310
59906
14768
73434
88698
27510
81517
18482
68955
79885
63380
76759
30708
49122
10954
76998
93528
41197
13016
93412
9127
29505
27874
2094
91769
71678
21707
87819
22708
85077
19858
76903
42659
96984
89592
78939
17805
82846
62077
76438
46949
37660
7581
46735
21619
22327
21752
85298
56581
36148
72677
30011
39730
44794
81589
87725
1884
2255
70928
50505
31317
43830
72398
64275
28566
25475
86592
88097
94671
30203
57760
84475
54095
34821
73436
61846
52088
45117
35270
97591
93693
83553
97200
3770
42751
77712
42282
36246
32346
33715
63293
43620
14458
24509
99260
69037
36917
94507
21522
18173
49747
40941
64398
52757
86156
22442
26404
79132
56290
7542
53474
12710
99165
24713
88346
87598
77941
6221
20803
47244
22043
96324
92825
5812
77603
39221
38175
33033
51059
92328
28940
2774
94497
52395
75930
44467
88214
53380
74803
58600
6229
86802
32292
74307
19876
35192
62328
48391
47394
66655
60657
37308
65482
67060
74997
94010
26902
91576
75345
16998
75526
17620
48793
49123
36893
44563
21422
25709
35892
33813
18568
95960
41400
25603
77187
93659
42637
97226
10266
21442
28623
75106
27655
14524
43346
242
39572
88664
50
68937
48623
90965
76648
79921
35261
32575
50942
88858
73423
71612
52049
12915
16774
79445
12245
47560
2970
23879
68942
64098
983
12678
34902
49192
95703
23757
69935
53186
10361
7521
76646
1987
58789
88726
93210
800
41516
82227
10
1951
6996
96804
89979
44861
16527
56617
23392
37895
20311
24500
58117
30445
70760
4814
52034
67256
60163
31844
42346
82663
68267
28044
71259
9599
99414
25234
79865
83009
29759
93622
58348
85961
99666
79438
14961
78863
96249
20839
67794
62297
84775
91296
57198
87869
68163
41426
74758
51843
16718
53496
24615
17957
41359
41137
48813
96307
4046
73589
46707
46588
57235
36088
83522
23466
91061
19005
90403
57666
38557
18450
9700
68788
23292
13928
85320
60199
53386
30888
30332
35241
1173
81774
74184
69575
14679
17999
7284
38706
55897
16401
24912
35884
14252
67968
36849
3697
79270
57714
44393
1524
99552
89726
17825
79959
44858
5041
41834
61038
91616
70055
67718
77707
12761
17691
23250
42915
98792
14017
28776
8043
27286
68748
87105
21452
60574
17783
30514
42310
12820
90657
30093
34641
76139
27231
83210
27046
37163
13586
16183
52036
82454
32382
72593
96953
10421
54477
58766
52809
54011
8989
1340
83875
18917
92428
92339
22428
32473
60985
10394
97707
70537
97351
69993
86606
69380
46494
2837
86718
24713
487
79466
75333
14498
76816
8692
47886
64456
44478
10587
79337
4117
87012
37118
37086
245
53250
9618
90361
53793
30124
14512
67672
42401
77789
11627
42488
62006
74551
10255
772
26797
31291
11970
26363
69111
778
40742
53139
28685
99271
42872
98318
12594
58321
85477
53308
22410
1608
39382
566
8484
65869
30043
80602
49433
29802
11514
21600
84272
62900
70157
36909
4741
61638
94798
62135
69679
29021
46890
15121
85294
25525
3949
58152
6688
10687
89454
42281
51147
53053
98243
23115
6161
63746
5882
31774
8306
18671
69074
40737
71193
28194
1314
17795
19837
54266
83180
80236
4727
33090
77721
50435
90986
7367
14744
64500
10967
41136
52900
68016
32226
86391
49371
69573
24828
41237
80261
3575
86168
19551
83311
38524
29671
80534
50575
78074
76437
11481
96354
49771
24331
12804
29304
22177
17538
63193
89948
78601
71624
16921
25163
93155
64890
68197
1929
29981
39130
60701
63008
23365
13453
59678
33001
20538
28769
11152
49765
56411
92765
49852
28820
56466
37189
84623
11307
28194
34522
26503
49060
19477
8551
49420
6859
41791
14694
80779
52240
50983
44732
31702
71560
55263
46517
53077
12214
21631
55224
38962
1156
61020
71051
39523
683
72842
49858
50191
9020
4501
15113
17777
45302
94344
8445
69508
20620
58713
78296
97154
54829
9318
88264
77067
18260
46810
64063
23868
60867
25846
25413
8889
98910
3662
80810
41771
70237
71484
78586
44399
86780
33049
94650
47597
41170
41000
79009
27168
95278
56285
20376
38564
11201
29900
97879
23410
97030
618
75447
6061
68024
4495
26025
50594
21710
25967
29126
31709
11360
28061
99630
75000
83001
57266
94026
69491
25227
21752
88201
96269
62644
83132
69109
2011
68293
383
15609
38744
48989
39385
54215
39080
78446
62629
83096
93424
52222
57664
4041
16031
44295
10464
77148
6433
55851
1671
53532
16951
55143
67323
34996
11117
35190
79901
23864
97026
47368
37152
39615
18432
30548
69912
21445
75004
60700
44522
41566
97932
11957
50364
37830
7050
7931
49039
3215
30880
15646
30229
83088
68063
44148
37568
83727
33887
55542
76315
29813
46756
13752
90110
61828
21268
63007
76316
83316
66746
70556
98093
35357
55098
29798
55563
89869
68009
25132
77489
70490
48818
97159
97657
84788
12384
10016
6909
22484
69432
24190
45005
53781
10054
14752
53517
41443
15777
13169
19503
54554
30899
17276
66808
26289
8828
33587
64170
9614
82605
36027
30472
34521
75964
88381
52691
5404
45681
65843
53824
82069
23423
91569
19662
7769
30187
80744
25677
73165
51542
12392
84770
66633
9368
24658
74629
86848
54145
25380
29502
9304
93469
3244
50357
98601
99127
2749
33523
65205
68600
36168
34164
26110
14326
47104
73449
24389
15121
67800
9359
14421
3588
56360
40733
27474
21757
39190
36548
74751
48099
28590
90562
26514
56359
47748
70074
76554
33542
77285
9422
28806
37527
23356
3393
59062
30499
33553
18378
50867
24294
87664
59720
45687
55611
42036
74283
46993
12645
62032
84783
27174
24765
10984
29617
89186
79146
16241
9936
2777
33705
4366
3259
73009
7490
25890
40511
41546
78770
39337
59296
7760
80933
80874
19171
54958
88741
3467
57788
83301
37132
26700
3097
77873
51927
22967
69807
57670
60730
47088
2250
57620
45431
33374
29885
54657
52626
49892
73022
79560
92602
5304
16874
81242
7659
15847
99713
66669
97097
58100
59136
94519
18401
66239
63305
47638
88040
62641
35425
6790
53356
21469
72182
59925
25407
99095
86709
98306
43723
33677
87311
49086
87232
54096
145
20822
69543
10951
25775
67467
63496
92682
57123
81961
63819
31521
59389
46190
92231
56997
52956
11645
18437
80938
95526
82235
36358
60807
9158
34530
14507
51656
76988
62482
69236
1300
34176
78448
60971
70812
30216
79604
14631
9199
86841
36459
2085
70852
64850
75985
63240
98831
11160
31491
70865
2980
45774
1537
51806
41708
43183
69311
40933
37844
56295
40380
52977
83665
95662
99581
80151
10372
9872
43599
39778
47269
94751
94573
79875
609
27859
38862
73562
89681
8475
58042
5462
69531
9737
81775
45812
5042
44906
16208
47478
81747
39336
25154
48470
3840
71976
95876
83851
18237
50012
43397
48722
9784
84469
3199
3491
9634
50043
20326
71997
11059
37456
67466
4169
79210
90126
6777
21156
20543
15776
49228
76185
83009
97325
67472
94784
47605
20269
14155
30232
52964
42610
86340
73129
48394
29154
53756
59971
3166
33698
32024
60455
66581
18888
58192
24854
2556
98000
47103
65194
24176
16753
29306
75473
45257
25760
39082
25583
82215
78272
28985
61591
85390
95738
91756
74416
13340
25858
55185
16740
18422
97980
10393
47144
39310
14802
57563
30432
77812
79251
84603
53093
5559
19267
34939
71237
13779
4454
58373
33263
43518
50764
21150
1432
92318
57116
21461
43552
44537
68600
16956
92767
50105
78358
87787
11438
26955
86613
66537
17113
65664
6998
66362
72671
13496
4226
3616
64273
97016
55688
27779
2010
20075
78421
3204
90511
6117
19596
69677
44271
45618
80519
98876
98461
42311
25477
17678
23591
79338
2800
96004
16185
32846
64625
42580
67077
29135
79646
68882
54970
83943
24033
992
80315
20057
46849
74093
93880
82003
73499
56497
24090
70885
22113
95534
2998
15825
47388
26846
69719
52989
70076
45661
11673
18390
15683
67260
43447
20314
31122
53361
92898
77173
42112
86953
24187
91731
52168
90448
7405
2932
57206
69229
10327
24770
65975
489
74443
23449
82856
94036
74348
61113
71099
38680
10277
36554
60795
9214
32442
56189
45358
9031
94185
32344
65284
1041
4123
63982
17586
16423
13868
59200
61039
8555
66815
65187
55600
27891
36396
33501
32317
78720
73543
28854
66793
94591
6169
61196
94089
54988
51761
45578
50199
13713
83558
52665
77297
91576
35267
73255
72512
62753
98405
79251
27833
90051
49521
37195
39672
80502
73297
48476
71281
88420
92275
15001
76617
1212
59532
67508
64061
75109
36975
3873
69624
93373
59627
35067
94977
47659
6513
25054
28194
4184
76865
48365
40911
83866
71932
90449
41161
95371
61346
56402
93503
43774
46295
75035
84929
88196
93282
9583
35177
46077
96290
30595
39843
95532
76278
55292
15847
96427
54740
11145
93697
51908
61278
15691
54902
86853
9032
16135
65340
57269
66166
48477
14382
82930
62497
43265
99692
7998
29763
89975
3585
95557
37142
95520
84263
84963
85799
147
33039
88812
5701
61713
55034
52171
12864
47872
6094
21793
56282
84712
98884
98142
55012
39740
67469
81259
95036
23698
75336
17676
29593
99968
33055
67748
26066
2844
75597
90513
88797
46921
79529
26435
40715
95403
14602
71751
88468
83428
70678
86353
8149
24721
14259
92477
32475
50394
38798
36256
57205
79399
71511
23980
10562
44441
9477
5478
51145
82953
10121
27379
38459
43177
53151
30440
66416
536
33507
33653
62322
33942
92171
7992
47163
56002
49976
80784
57477
68464
39757
4868
73688
22975
51042
14425
73721
99283
11061
47089
12737
20117
31759
34769
24506
13521
99849
79999
36236
20867
91268
42864
56459
84415
53895
31154
14914
23102
88043
19738
42048
78423
28364
93586
43281
66110
98700
29577
21165
61554
49647
64299
39402
65522
46052
91756
38698
82466
56570
52123
39391
68570
93719
62312
22312
31554
24476
90378
6031
54294
91642
69868
20867
55612
61895
94704
70679
15369
7708
74340
701
37304
4855
40603
20289
32310
26075
52630
8306
35493
64964
53187
41016
44428
11600
53844
96216
51072
85994
7797
47360
21568
41808
4897
14234
83570
50273
18941
74479
47880
4610
347
70491
44366
14231
69934
61160
97241
64613
27946
9803
9449
81518
39057
87318
16714
49143
6879
96526
94903
41473
7371
33690
6677
52527
67564
7802
65639
53326
23649
27441
36475
95059
43624
55904
17057
37951
74181
78522
64821
77464
3472
38907
93391
63075
28201
91352
48348
36690
88910
59189
92146
4367
1165
6741
14150
56942
30279
98732
30744
32628
36295
32498
61236
15962
45405
74390
70472
99251
44767
86836
55591
17849
10965
47342
92739
37033
54932
36852
94766
90642
29376
66648
41805
92602
82428
19489
13314
87316
29640
12999
83181
52535
76035
97769
91389
17740
63847
41766
97235
28733
76516
86832
74080
39571
62781
90688
78041
95699
20850
98403
70959
80911
64252
81319
92690
64842
61711
7520
68990
39858
80574
62678
26318
9450
15762
21619
72965
32166
27690
6141
25525
6951
19890
8680
84726
50205
22474
84911
63450
20686
9397
73934
23037
55059
50457
2760
19378
82257
64976
17717
74221
67645
52245
47980
46672
8357
79602
7778
64902
44906
10472
69584
71727
99890
77719
28266
77078
68140
38944
9027
43257
97498
65843
183
60194
51593
18025
80579
19129
51313
59235
33066
37709
92837
73806
89284
65396
3938
11057
67194
42590
42879
99586
82883
37652
8767
72797
81884
25114
18178
94132
96911
84441
54999
83463
49196
72317
88366
24355
22154
63752
46304
23465
39308
16228
7626
25177
24626
45314
92482
20611
18437
6744
53119
25155
68291
45791
96681
37484
2177
36589
83743
50217
22067
81573
37942
49836
53851
73471
6278
11255
87553
49307
4717
32340
78723
34125
50548
47913
61123
66718
5267
34227
90570
55328
81882
80307
18387
34331
98880
51384
81416
8982
36449
31102
11521
70145
76470
35903
90404
54215
77598
87221
23728
59401
40887
50340
20689
71918
75741
16885
34948
10787
64706
89061
86906
10501
70416
61464
77101
4870
6342
29201
74195
45169
91255
23086
15790
12835
61897
41929
6247
73218
60787
91283
68186
32315
41099
76172
74166
27312
81152
76195
5673
34334
77240
3764
89353
46632
57063
63377
49855
38012
36160
81513
63157
1879
80938
4458
50124
86842
4182
14761
55697
52637
11594
97119
46097
48262
98819
47188
50588
49061
27790
23213
3411
69946
84070
50950
64847
93160
78295
8097
64875
58827
52527
5505
79617
29351
16771
40456
36113
80533
21996
51535
41612
32939
46818
82763
31681
71218
75698
15306
77813
46622
98191
76536
85388
65867
29031
87191
49011
97385
98575
67113
56912
33212
92127
29568
66200
30649
13730
7482
52325
15554
4936
21237
10622
69505
57350
80760
92529
39031
7299
17738
96415
28425
18790
92386
36538
45570
30382
17108
82461
16264
57781
72383
31326
52338
79975
36946
62870
67372
85907
38832
27386
47492
52873
16632
7807
55695
33668
39111
37835
18251
41048
82068
24254
78956
6860
16565
93767
66870
59787
41549
4163
71163
61129
22722
53107
29513
61720
75464
83747
13689
49521
43782
42694
25439
38058
29129
97929
92801
64790
63855
66366
69817
79999
13081
20551
15568
86887
6464
32610
47275
50445
62940
67284
14031
85660
42808
95589
85603
50498
69218
31566
58306
90101
20488
46171
83855
15504
38214
97516
68751
90209
80982
11296
52341
31200
24071
41792
20686
98056
96233
50823
4825
83890
82738
47798
12159
3056
45364
65044
20928
63638
63265
15442
88273
31746
97106
42893
36218
78510
94987
14208
43981
68586
20699
99356
60562
34024
57238
71409
58343
57610
20061
75485
62387
3853
99956
56053
46563
11478
19056
99477
81900
18883
55420
42194
81770
63293
19481
16107
56276
27886
76631
54762
15701
12394
91977
70287
1831
42236
17710
31336
64118
88165
37082
62471
70383
49730
50161
98057
46754
93276
75063
94696
96413
46835
26629
51721
64068
72334
1222
78319
34380
8922
2157
46325
5255
38112
31109
82119
94557
49844
84691
17073
76047
33658
60713
88350
70693
55170
14123
16543
11939
62579
7646
96629
82611
61001
33951
18232
26328
92641
64180
23671
14101
30716
17624
96687
33387
67625
60038
25285
3243
75351
36977
15676
75445
83780
39970
98888
33391
35740
98537
76587
17074
93683
49067
10725
75811
24259
30303
11412
66819
46790
40328
23701
31075
2829
84033
33742
12324
63147
19779
5581
69306
3621
57328
17834
14354
69717
26520
92755
55404
95645
45025
68421
53445
445
28796
81838
1894
52922
54077
19336
178
37325
43204
51241
63580
20060
48847
66972
26304
18109
74290
41012
19904
36697
17811
71041
45257
99333
938
63743
97262
54804
79970
79945
95052
15496
64754
47537
99295
19154
56062
42088
63362
50850
76901
69928
42691
28583
55977
52468
51387
70472
95922
93502
82156
36100
11257
12031
4279
72749
86574
25574
88161
43755
92357
74611
1881
73477
74073
3911
99117
20051
57302
35749
37393
1655
12085
22942
20838
67781
12234
22803
34784
95147
86243
23242
30029
42826
31804
87850
67762
22937
58432
29792
63221
90510
35220
83223
89618
66375
8374
92021
78166
67371
13368
58378
53392
76402
66693
78546
1592
1767
98412
95318
7028
70041
91212
34904
87664
27439
24062
88389
64484
32865
55842
52440
33367
10443
22778
72097
39169
10189
70296
56667
8037
39251
35352
72865
3983
90007
62020
38350
26463
92876
47424
35464
15401
52641
98072
17762
18601
65173
54480
87971
39259
36914
54616
35925
13857
51565
47688
10837
8277
51109
3137
26886
8671
13136
88445
68297
29364
78830
80773
38028
21560
96295
94480
9341
64146
66537
1563
19548
81304
84563
59894
54171
46053
54624
97471
77650
61631
92104
95672
4844
86924
96401
53059
57506
51679
64315
6934
41453
84633
90497
45656
69489
96246
69671
94634
26760
79404
61016
12427
77547
86106
29678
45127
78514
54557
43306
75697
80958
83734
11942
87841
14972
88199
37968
59022
88361
8586
59573
61879
20329
35292
98037
67555
22531
93850
21001
45287
16891
58291
42613
42343
59729
93272
6973
98066
88564
3903
42174
52937
50503
61691
11910
43047
996
46861
55421
87661
94065
62742
11160
14874
85254
31830
97063
69716
90207
25547
6866
54849
42234
98930
54575
77282
61338
54116
96681
13045
50864
98570
13531
77322
27188
98039
80675
38367
71019
78624
76344
82823
28187
14248
52070
83969
51317
82978
15942
83690
12981
34206
93400
50659
86073
62777
24453
90665
75923
68316
32124
93056
47678
96781
56866
41762
70519
50809
75501
4765
56531
93251
7685
14594
98009
17709
16501
12988
66038
93478
8349
2117
8518
62178
32255
29745
70197
95264
30958
79263
69678
97252
42616
26754
63688
7966
9529
81323
76641
77009
25284
78045
4673
5776
6991
64367
19279
12341
9569
30753
25989
47812
76129
78165
45250
39498
86163
79503
29766
47997
82024
45846
8407
1858
68397
6373
60681
80074
11940
4593
42297
70253
93459
35885
59144
27708
86192
89371
70928
85008
47793
95881
26895
72731
54686
45747
49462
37998
9164
2273
15866
60518
53988
58897
1303
98395
50243
34844
97370
32405
80039
71034
82210
57500
3763
54566
39302
75337
33808
98117
26407
34005
86764
64018
5787
58892
64274
29349
56418
51844
4291
99656
45477
28601
57980
32534
26745
26907
44284
95402
69833
35608
55591
28536
78413
17748
86536
10546
40847
73786
14862
30109
44387
51592
4100
81032
93566
54925
33465
64182
53385
1554
42846
3058
96894
15114
49621
40938
94544
22819
71646
29156
3759
25807
63950
84607
65458
29313
42342
24587
38523
45899
88769
12587
54652
78402
1572
7092
93398
17176
33073
79402
9823
10289
41324
38070
18629
59983
31250
78682
21041
38607
43455
58659
61816
89489
90795
86413
97809
37432
8031
30356
6402
64956
98912
76231
73873
11775
28881
76594
41937
40078
43840
97279
17026
59917
65481
21586
48122
25099
3948
96500
82540
70433
76543
92849
69435
99570
42231
10027
2052
20872
31808
63477
37491
85341
67264
6890
41166
81623
45550
77725
23275
44082
73104
79020
29634
16796
14720
10027
87013
97786
81334
79115
21951
74467
81426
83970
11631
9814
40175
71240
80378
36394
65695
54704
63110
76570
85195
58153
6733
92930
86796
80430
6483
72877
88994
50592
13391
69235
47541
65609
65986
76620
58965
25810
77899
2896
93954
949
43682
14221
51657
2771
69496
764
85295
44195
70326
97807
26834
27239
94662
11404
71526
32549
3384
71644
92178
8204
96750
94981
76079
23497
44898
40271
3396
51486
30789
81312
22580
37750
23412
78802
47068
2768
1026
54150
47639
16403
25433
88505
9585
1863
17403
88137
73625
96640
845
58505
98581
46248
95490
70861
21558
63716
12861
33459
90776
2901
71894
37912
60977
43184
62930
2427
15408
87473
42320
98625
29775
32465
86679
8321
60988
30432
49340
97521
52071
52974
9063
46577
85220
75444
43773
29724
8399
391
55610
95149
28134
1939
39541
37168
64740
91543
84334
99611
23698
46615
26516
53333
52362
34177
46162
80638
93481
65272
44415
59740
78911
21990
84799
29877
93016
64843
79193
79031
85350
27374
38141
13705
97268
32171
81423
65849
11111
57962
75810
36877
54154
17932
77224
53861
42884
68863
92200
41878
1142
9888
77306
7833
57640
69063
30019
76461
1604
42415
63368
42017
51991
56313
17906
91235
39608
35908
26963
23463
42725
85233
6129
49005
52867
84074
54039
93059
69342
42086
22215
27912
84941
5693
25897
41964
77296
27729
71700
75096
69049
90907
89701
29472
11275
5022
93029
97823
6849
56644
32053
61974
85227
24049
98378
3737
70707
87202
83192
93839
76409
20107
17282
89898
24584
91980
10196
49551
58928
64656
76465
40305
30663
22641
73937
50493
44776
21825
46063
62620
90653
36320
21211
26014
41275
42375
32694
85725
43052
31208
75135
76410
63657
22052
29463
15631
20396
56668
51199
17497
73525
60629
45017
37119
65071
10523
56454
88566
28754
2184
40789
65620
37651
6089
389
72507
72816
5318
85241
96369
71638
60695
14337
70098
49664
99283
63087
92037
13401
27991
60273
19368
58711
27452
740
70636
36970
47275
28443
1839
64307
12001
61551
11500
81252
42471
70006
24622
77855
61460
66630
2918
2273
44535
28708
92265
1931
5800
93440
38106
53970
36821
31117
93736
34415
63912
62257
10156
91094
89810
96003
13661
35607
87644
90033
59370
94383
67083
36308
15159
91893
54265
89541
11969
14828
8444
59234
60953
93355
94868
8243
84912
40715
62322
64555
277
35835
83925
86732
52082
754
28252
23147
94146
95072
55696
70442
99751
11719
73787
2315
67959
85080
29019
97759
8211
28483
32972
73774
47083
97717
56219
81244
46642
49728
22117
14597
16878
45051
65974
56021
12180
1597
67347
90895
79827
52112
20724
50675
23465
95455
54007
14771
56217
8381
20488
48395
44586
76225
4823
21016
94309
67822
75559
52290
89212
29930
30265
86313
58085
75046
84660
80245
59771
76878
37602
44466
9692
21530
91200
87111
8191
35491
82899
99470
75924
64135
96922
97595
96554
54284
56196
97057
38143
45578
51991
95321
50425
86288
94139
71118
64732
43232
27780
61825
41923
88227
3575
34598
47672
42527
87021
61051
42443
74095
30519
70129
33014
49716
37149
8655
95489
58265
72779
2067
17521
23947
88737
60276
9138
54459
13587
92991
39728
60279
69533
66380
39609
2487
49083
7456
59478
18137
83435
90014
98064
63728
1785
83654
19322
42723
92227
17993
38849
26629
73006
89401
79745
87916
34885
36600
10504
15916
27415
36340
12621
77092
48632
18304
82302
30655
83144
17008
95241
49296
90042
36587
99110
41196
23614
54647
93632
39827
68701
59521
91105
58571
18799
75610
64300
34602
79493
81938
90036
18164
36819
45317
46708
57716
44404
2601
34551
73300
10197
76307
3965
4051
82270
75755
26447
93161
43741
39746
3978
19478
69436
96343
42312
88323
64008
79787
4517
17561
34256
25127
43760
45759
40941
65031
73756
33509
21840
48042
16590
72477
49738
92998
18162
99143
90379
56932
82082
33604
50385
1943
89233
15756
94977
43684
6545
37616
3430
61658
40947
90175
90751
9411
62299
10956
40279
5875
79787
32477
55972
9433
66281
18324
8009
25363
73277
90277
52151
95868
65910
40501
86166
37022
89518
89969
84249
71961
15170
81539
76151
97558
36369
44901
32462
50113
73718
21439
92114
60732
73635
42337
63082
32700
54493
56511
38677
23926
72025
73854
22669
27030
78927
66909
19213
3091
56849
60145
92526
41168
30531
53419
67528
5526
88136
93820
47712
55476
24116
78174
51419
63731
69466
51819
4451
99072
71513
23352
88845
282
1967
45025
95791
34641
82684
22115
7900
23074
43179
58555
10228
93746
82944
21516
14300
55928
28520
25207
77486
58871
599
72320
98330
16989
95599
53908
33493
78604
29246
81764
18673
25953
53633
44765
73103
20113
14737
40716
77551
54913
75084
50813
55943
49239
16445
33780
33127
10976
88630
56961
10248
68309
41483
28048
38251
62214
30822
25367
17739
38447
22077
16791
75099
14335
33880
74947
52105
16626
38817
46926
28853
4687
7143
90144
61292
26137
27507
52863
48895
91316
79837
53668
47283
15455
7098
24164
71589
86093
67488
88924
72954
94097
89984
71789
83161
33024
55338
56674
18989
98714
52141
96328
66344
27464
44159
76747
37570
24912
93374
35728
16110
5206
74488
51204
33095
43587
95295
84410
54644
53431
6267
35658
92385
43467
3582
67260
88512
83596
5654
8207
73156
18849
80775
48739
28198
82986
59593
32567
80152
3126
99717
50237
58331
44866
63522
84960
15401
50272
94656
44746
43045
29072
59983
52533
99209
96201
40263
86648
97835
12653
62184
31904
48367
58706
59150
44944
601
81731
75496
19482
72835
16
60618
12818
89700
21983
92063
7969
39828
18484
30501
70139
34903
86381
71449
76145
24556
34044
85580
90782
40917
91452
70130
3372
7531
27854
16809
9583
5712
57592
53951
28310
6222
42057
234
80365
25975
89016
42468
9629
36486
79331
60373
65938
4695
64297
7532
33239
42558
55338
85040
83325
2185
70895
68427
74738
1381
85348
59377
31330
10782
85177
53103
3148
55364
77797
32144
36073
22386
54193
99770
5815
66147
4220
15470
76912
21846
23551
29207
8793
47528
31769
33573
91347
46509
10433
79827
35192
72995
58149
51525
95118
89615
35966
67050
44326
6737
65128
14521
6509
10545
15436
25079
17670
18955
94672
85995
5918
41497
54294
97004
30779
11029
73880
7621
93370
72362
86624
38056
79779
30174
84549
98942
39928
81669
57724
23813
66350
80095
89009
35290
17106
29105
39434
45012
67717
1811
70643
68064
37619
4726
59741
97964
92645
86653
69441
83555
7460
60252
79204
38021
16171
24001
72755
74126
85245
47700
74249
57956
94506
96564
52714
53384
71238
42281
52093
42944
19593
36140
86529
30464
57055
98567
61645
40796
92143
43688
83138
77634
2881
74426
85304
60334
27480
45855
53703
43613
47974
14810
31314
22597
22341
11170
80913
6184
61253
85360
15141
69481
64068
83918
9709
96219
58296
4943
46690
56539
25336
58647
91913
88421
62592
75897
25327
2333
88812
92315
78239
17653
34446
31582
54119
57072
59215
29725
94021
5395
61080
39716
648
4665
57269
94162
84749
82035
55888
96982
26919
98738
1905
17699
10528
64469
73395
53977
97714
93367
98234
52689
20174
22938
83778
4975
93914
25743
74719
80457
37500
24176
37212
33292
10797
55019
37414
74270
83257
34030
15026
69768
61887
15142
33821
93270
64367
90943
2738
9427
2888
35830
39156
40264
93332
41487
41550
19227
12717
46403
68231
38256
29540
12738
16770
39412
72968
73686
48298
75836
51522
72695
89128
28214
60108
2844
62797
67971
19342
73113
54674
18232
52530
72914
77213
63458
17079
72046
99845
8185
62655
29795
74379
46917
86800
85897
26507
313
21676
98718
74011
72963
47349
37970
8765
67406
55185
59488
98931
62787
62124
64179
73656
81850
12884
24147
15088
85445
3154
62318
52088
33518
51878
87725
56052
76978
89108
97460
59873
78777
21776
89307
34559
7584
74981
46485
94808
70958
41813
38716
17604
68187
19075
29518
31052
47262
85759
29969
14715
48244
91532
11354
22249
16486
77598
71165
51229
48105
79003
57299
47326
23571
741
66509
88659
42175
59532
56485
47809
68891
44189
69777
18553
29923
32711
7649
41384
95711
55585
6938
91387
50607
40606
45178
18449
20268
39534
79795
69558
70592
33752
14968
75060
44236
63050
13034
92897
97128
55165
71547
87230
20643
11106
34819
27271
88033
90797
78038
30856
72837
65240
7489
48906
71241
39002
89592
93078
41692
37089
14850
37801
65839
3932
92784
50916
12823
57443
23773
3791
69484
37065
77697
9616
57069
61940
4096
83753
96346
35828
84059
94900
63856
79206
97468
56487
86969
2305
78937
72243
17413
43287
99973
5484
24394
38504
69519
79293
90806
46891
63640
73102
13648
47092
18572
19149
32987
68376
12795
96507
28381
66673
44729
2235
61743
81450
28409
84624
25997
13009
94258
44733
65938
92876
80973
7623
52826
64069
27168
93424
56636
69064
79337
46186
87046
14923
84028
96830
10188
97486
56066
68701
32422
98562
42125
90644
39566
5930
32418
29658
70904
58326
78095
32678
54570
69927
65605
1179
66966
74494
61492
29942
19735
60505
4182
74544
31277
57552
63838
74094
79472
84584
48325
19317
3309
88945
53708
10177
14418
80037
57564
2175
97261
51638
77032
56849
33703
5271
79353
80832
17208
99566
67638
61055
96312
78226
85258
13768
44006
27365
59604
44927
77056
35891
87670
78986
38660
59143
35999
42458
64151
2989
50915
74912
21275
43815
71969
29922
6426
3156
28310
78942
81600
49294
71739
62122
48938
76851
96480
57568
80814
90212
87448
62733
40000
30963
28240
22876
92023
21430
51814
8350
11049
54462
80405
70946
69829
16827
33152
7498
45177
76749
62945
20338
68739
91261
18844
78382
57226
16179
14959
94960
76783
2683
12261
60540
57472
95376
55686
8581
50385
26435
86857
25727
4474
3045
46149
29155
80248
6881
4735
30080
47252
187
93512
58972
48903
18030
18988
64160
8729
91153
71110
78182
63047
31237
84311
70403
48525
15965
35699
46189
64190
70205
86668
70820
53001
15931
34035
97458
86803
6420
40748
58006
12355
87135
90236
57344
35515
93978
81998
42370
60451
16260
92869
19712
65159
88059
89851
24223
22260
44765
84493
34251
86422
23891
24890
65663
44346
4984
75738
90573
6715
20686
23986
90056
8443
12003
99083
88015
27710
20100
59209
60661
15159
18095
72805
93700
4084
95932
99487
51745
71181
75144
58507
77645
97850
68807
94571
14748
7886
55625
28647
23341
37640
46548
40641
41825
5287
29174
84468
3911
39152
59620
76734
56047
22367
43585
93147
40786
99738
90226
58135
58341
24227
27155
63900
61626
58657
64990
57062
96913
50990
87081
83911
77635
322
5566
50494
71314
47385
28431
8082
44832
38038
21449
83893
9574
86582
8495
93738
9580
45751
74901
41560
53719
78473
98544
45081
10594
75787
74473
37914
62915
80445
33623
54977
509
75757
36130
19104
5775
10501
48450
11669
61888
20087
62059
55698
51087
5529
56337
22026
87369
56941
40246
19034
47956
51426
37226
41169
54504
74868
49761
22786
7805
6806
86913
44049
36409
63677
50962
64094
11332
78942
77661
62582
73236
41994
56731
2516
16809
53822
69976
80776
13777
62434
78903
60734
99499
78247
12059
45783
61342
95429
84416
65545
45815
90225
97614
48203
76704
11368
64943
28103
43861
9553
72644
33057
78979
85654
31627
94616
56828
71527
89893
49304
15891
39216
45558
77400
19646
70306
64577
23689
29122
13673
33906
23589
22959
37832
27600
35080
72768
97257
76426
27840
37163
29260
23867
49778
36803
79472
91323
36626
17568
64135
19945
21070
68096
94846
3554
65303
59495
26140
71613
66332
11000
1180
15555
5202
29215
57965
16013
97165
41875
8857
3510
98681
3162
34523
21747
45579
16521
64479
73861
33689
74431
51391
65708
89763
67653
12909
24764
11394
10094
72291
69521
44705
61332
93044
90681
10640
71418
44575
88701
8294
16057
11757
35635
62945
74385
557
39943
90335
91238
85824
20546
46265
25
51066
4613
5578
52003
62165
45767
6752
68214
61199
98267
46375
8108
44987
14293
39561
10884
89509
90533
45747
47436
17108
40264
67515
42658
47655
6952
3545
27431
11754
17907
57855
24731
85251
72276
15272
22230
64417
55094
29058
10668
80402
97986
91920
67239
75937
17798
98455
66075
39039
16542
43878
59295
37385
64946
59854
56671
16199
42670
91973
95895
42633
40835
49391
64292
6595
32108
13172
72918
91671
28707
18986
53137
6760
44257
90094
26270
90735
89778
97599
11993
92765
1066
25485
84901
77540
30095
21008
87475
96667
66794
6561
33016
42657
27132
61792
33562
32487
78703
78823
29072
20243
70278
6061
75869
84225
68966
57745
57602
57516
38488
80589
49875
22349
74601
7618
336
52964
32466
21465
74910
89000
73843
86750
38868
80788
85363
82488
42342
31231
8297
66339
78240
1814
41036
20769
8048
81477
78485
6137
16843
36457
71159
22160
77372
26542
29495
58404
13607
8806
24675
29977
26080
41274
56179
14416
40121
7345
42668
50499
95405
6706
58796
72368
97557
48842
65316
82270
18446
94644
72765
95535
87274
70171
98195
54211
66893
41160
98846
59963
15693
37518
85126
41694
64458
1188
58117
57604
19640
21701
31937
59590
56379
62791
79957
26317
71853
35892
94505
40790
51316
57686
58126
2209
47675
15188
64770
83880
19652
28687
59060
13819
83593
17670
30994
63141
25093
16231
27543
20413
6051
21459
8262
18041
68449
90585
99282
57867
81634
35623
73694
387
68788
72543
87258
60853
48927
58868
84306
55231
46259
43090
68344
37563
44557
45303
80453
44681
25025
6798
36699
68221
51722
49555
33998
27208
43910
97837
95350
44424
6083
35313
4297
11374
38809
73153
70587
39390
78293
4728
24430
93133
40929
50595
55513
72111
49298
10813
251
95980
30002
27340
13066
77291
10307
10666
30654
10736
65374
51781
12469
22857
18781
1865
44886
8249
57052
57051
61335
66996
27764
91066
83181
91399
13336
1329
46145
444
81967
6768
31201
96263
35851
56415
67600
63730
78476
21383
7680
15880
15350
56658
3254
81550
70139
69503
67429
804
40304
46079
66980
63548
62852
33045
52374
17651
66704
25018
26631
70321
31934
2569
62934
39698
97417
28210
29248
13657
18351
38159
75882
68758
32228
60140
97342
29129
95441
67123
66236
16510
58200
18276
802
62124
51281
15126
86496
39950
72184
59054
65946
80934
93043
75025
42350
82769
27297
64799
27445
14188
57041
44164
5509
69569
48219
93905
3483
25921
38727
99359
91443
10010
6434
87911
24753
72956
99638
96718
17783
4586
35508
95730
70068
64959
21938
14060
23007
84688
15447
74642
74452
11710
63854
8586
7857
35064
28113
38909
33845
65799
88132
5043
88524
18473
90763
65248
60588
16261
92026
79515
7256
67652
75222
76797
44260
43323
44646
78667
63452
82547
13571
53025
72283
6977
106
10772
44960
49475
76190
78394
92709
69521
29082
38990
98169
17688
40983
58079
22807
9814
24255
96393
2589
55762
24604
18121
27856
36560
68056
35988
31891
14753
94181
10572
44276
3724
73521
32705
65370
49417
40460
94647
19902
27858
94644
58300
57090
35471
64453
74491
61404
58143
70356
21683
77885
96864
7746
62143
28530
45360
30586
13109
67881
56590
81659
49623
61541
50547
78849
85915
54465
12882
19458
71583
55533
64481
71820
47269
22048
94316
60293
60218
22150
65751
78802
35247
81558
99611
9089
61823
71665
21854
76646
474
85326
949
39660
82463
9497
52947
18817
62644
92556
89379
81792
95448
81673
32070
75278
24785
79720
43898
14433
9166
37569
99463
11512
79330
91661
99262
28852
74030
91872
14562
49142
45637
36412
44738
99957
48985
24481
72888
88645
69148
11273
49430
64551
21777
50405
72077
79352
22476
57759
16824
31206
48215
11984
6356
86778
96631
37841
47659
95547
7456
45566
44376
4951
97622
40403
15189
34577
70861
78564
99037
42455
35858
17566
44789
55597
15141
67545
49440
65783
42642
10534
78364
62700
75506
66704
35896
96643
11820
42262
93708
43727
60511
36830
73791
79783
23726
11600
32687
2510
78442
95935
62706
15851
81941
27552
59291
99314
39231
30899
4095
57252
9850
14915
34307
99492
78866
94688
92743
79115
42187
32879
54915
11462
75913
65518
35095
15694
63840
79564
25809
97911
59415
74270
86230
58500
13913
84272
24701
93481
48593
11292
70406
91918
3980
23523
40581
21081
14453
5552
97791
12913
90712
96809
24496
9723
68033
3238
24297
29614
23910
53725
88226
54290
72824
24926
16666
10757
27738
30436
88254
14000
88
20044
27723
48824
68570
63086
20365
90513
243
38508
65708
49405
9001
21649
59555
16519
77445
78731
9132
12196
4917
99571
15075
88422
48108
46884
21078
89752
17965
72494
67719
42237
44840
74099
72998
75301
76107
14304
6877
61248
85753
33316
49163
27621
92730
65500
39771
66384
62299
13058
45789
63304
53515
50666
58372
47342
65477
76492
16059
61665
13105
210
20646
65214
71377
99975
86456
27812
64106
61007
62553
16541
75909
90769
24454
94082
36271
64377
51577
18551
73363
84260
16731
16008
15226
38156
8925
15049
21689
22948
76880
16362
32061
16626
80858
38622
64006
51666
21537
20346
28310
56557
492
24196
38012
55905
6867
25628
7373
48087
97640
59047
67401
99107
42864
85744
19056
60751
80122
29314
83905
98372
11316
71894
48619
15413
2806
63013
25648
38392
87362
16152
43987
69644
97026
24587
66843
98494
32327
91076
77304
226
53089
6512
66504
43349
29748
5248
41199
39242
18226
9767
96638
5025
63605
7535
80489
80723
85218
74359
29519
25235
66401
29872
37223
84841
64224
32260
47685
14463
54368
66175
4251
58284
95325
23900
60375
11904
97021
99269
74001
24259
63772
15263
30476
86324
34357
28631
25005
63672
90900
10410
59614
98508
19621
71873
77212
23826
90037
93825
18641
9308
53289
41874
70539
47848
620
49104
96736
74341
34614
91519
91223
8730
93795
34163
86918
22623
8541
98405
98382
53547
17450
1443
40396
27800
6959
19023
29998
30418
78283
75722
90031
19377
66424
99192
83280
83006
14175
85208
17532
84973
81276
74847
464
47929
97744
14356
32139
53997
30994
17092
69461
30071
57534
90607
86700
57424
35631
94720
26329
89003
32713
3505
22688
33716
99892
26946
28008
47121
26105
70396
94817
2376
82483
82848
26700
74074
1046
38946
26639
21282
31837
56301
16264
53093
76348
41975
55198
68254
51745
52074
60375
13378
69096
10189
7263
37979
82895
20670
91411
46676
39009
89935
15487
61305
52891
12681
97681
23717
70642
47957
76098
20924
42855
81932
70862
12120
36676
96281
116
65472
39141
24741
68076
87962
37916
77996
47489
5537
78944
34174
71373
36802
42540
24768
96689
60116
42940
29160
60770
97418
49464
930
71866
4438
84366
7009
73397
49804
68405
71069
54300
89908
10382
15695
29785
79838
46608
63974
86568
97228
58802
67456
97660
65390
23746
27807
2929
83909
74428
51081
41787
8856
87239
55127
80583
1380
42269
1619
14504
99747
54287
41166
15810
24918
23133
40286
76023
27782
95377
23735
73569
24992
76303
28684
84308
99994
54416
24453
80751
20805
94387
93422
20849
8393
80199
19178
70735
78055
94019
16585
76595
34759
45455
81651
67623
55815
47487
91065
6752
2972
75835
32163
97338
45708
2512
10439
32227
62687
58873
52554
37093
86315
55480
53857
76579
20299
854
89986
1167
63387
44479
52681
58981
40906
2607
40955
18390
84470
78626
65805
40695
31272
74317
43298
26339
4130
28231
125
60127
28002
37282
34407
45674
66911
9128
70340
8610
38008
46305
99474
96394
68450
46080
25135
99396
17473
41651
73644
91376
72640
13298
482
63755
13630
42540
73719
34499
69669
90753
81831
11756
88103
79999
94354
65173
66682
77326
62758
32570
55312
66796
65651
9525
76236
89182
37117
56718
40214
69059
41445
31254
5654
69401
49024
86465
89315
29015
13523
44268
95624
47388
4570
9955
2543
9034
11308
39281
42544
7324
20932
36885
23830
74043
62573
48920
92038
25952
81620
49847
97379
43554
62231
59388
44530
49295
56879
44384
70183
39529
516
55868
18106
53933
10300
79695
3011
81101
54876
81526
74268
33738
43540
61038
96688
56133
90770
69316
55912
69210
72054
39770
12071
46306
94682
75735
51003
85731
13431
176
62415
76613
33346
22696
67249
2535
31768
72993
94467
61665
20605
97641
5827
57794
63257
57638
90666
29203
31974
14323
72624
10448
54028
47073
20341
71477
79967
89452
42627
49086
85478
1754
51495
85687
66910
95648
34366
82997
36801
20574
46403
38549
14475
23480
55793
37151
55083
40255
84345
13043
62808
35646
76967
99351
12701
51148
11547
68896
43947
5494
11076
62077
13440
86189
6677
43129
69602
99152
48416
76461
46695
86300
43535
99045
77159
33876
86289
99526
19109
95914
4817
65339
31282
28714
85311
38246
83553
86285
41900
43781
28819
69076
37943
69229
73604
22007
66972
19786
59095
75923
93751
2177
24518
37295
56935
22578
92152
83422
19821
36811
32646
3520
68226
13879
87048
2704
66797
61498
93383
25476
52845
64186
41576
22869
49976
59824
47325
43791
57176
38489
74594
32538
94485
46658
49884
99699
32310
93986
29335
19039
65999
87605
89690
61483
19253
10275
70131
73731
77878
28211
64385
90183
49068
39277
10469
89263
29133
42661
75136
86557
87124
91616
5494
50932
54954
61442
24028
97527
80792
48338
21209
11585
23117
53470
62284
24581
55056
44810
22338
65240
53871
32623
86166
99108
9029
18010
75991
10758
20499
91619
35381
47477
14824
99212
72805
73391
8622
98208
67286
95834
48655
52181
8091
17960
57033
12960
44404
70898
59018
51280
40526
9580
35523
65761
88640
30349
66517
86418
33860
14136
38117
9917
30814
86539
43844
8891
71748
50792
69870
98445
31530
98171
31442
84360
69589
40121
63977
93332
94211
66784
52331
47729
36746
58058
77487
62841
67175
96490
62723
34798
42533
47322
68986
38696
21501
5475
60008
11539
83308
55142
17155
66613
32698
30629
18196
4975
25350
53090
55946
90748
49079
38117
41102
127
65280
78474
52643
7230
36395
95047
6342
75918
77334
37643
32409
71017
55228
2939
72119
99052
49978
19863
86661
79199
11716
62123
2664
90344
4260
84994
96908
97174
86821
45765
13202
94668
51276
49538
31331
32821
7529
90178
78538
26985
34504
30416
70392
86746
79758
95947
16659
69737
57557
56199
14811
65293
20453
90083
25272
66084
93140
39392
3568
8509
66783
53513
86744
77828
50170
81747
32211
80750
82608
92153
38906
90866
88041
25162
26933
29606
27360
27151
64077
55076
47100
72855
68879
21735
26818
87058
62604
38780
39420
22045
27391
29333
33124
23228
81661
54485
65309
92949
58913
68820
68985
97615
28598
73181
81318
42084
22795
39054
43855
35315
14125
84099
57495
60303
83616
88832
11790
57947
96605
29544
36272
19060
20001
31534
81320
80143
47414
37340
53609
83013
57109
5260
82491
14705
6736
43415
35350
35103
11151
49869
28513
21944
82875
91769
97270
69251
22283
848
69220
7998
30580
66124
95373
27561
85825
35655
11289
42795
31249
79640
26987
34800
61619
47095
79803
23892
48909
63740
72002
70498
95705
83327
58470
1031
54819
26258
93441
38210
51790
4864
30050
18167
66844
69148
29786
52246
36068
77974
66189
37971
34578
77064
12016
11384
32504
58614
99890
91554
62582
65446
26543
39490
61379
79442
64745
43376
36605
31081
76987
72842
12148
40117
37368
53016
36887
66680
49092
92470
94434
95162
60381
44596
52478
18310
53415
75312
40680
64733
940
93502
80829
28933
55735
18001
97785
29400
44671
99555
10903
25398
68237
19546
90912
20813
87122
81321
84333
51443
91976
91263
424
40864
98900
49377
24450
37067
90439
47894
59601
24930
45107
26998
13863
3124
90450
69968
95419
66731
28034
49166
21046
93144
30159
84116
47097
23713
76569
43953
99714
8932
79736
15257
8584
63914
34003
723
67485
33483
89407
98470
68177
83283
88413
23156
64002
9518
40719
64660
80019
55237
86598
32624
78731
68239
84864
57322
67402
76971
13131
59302
86209
64317
61376
10334
70485
57155
85591
15997
701
76606
88164
20933
91404
56057
42445
24398
43075
59122
69583
23316
10605
81410
34656
16775
84284
89966
3759
57748
87666
99245
46539
59701
88545
27316
45546
84219
72396
46871
5646
41032
87185
46136
54003
53061
46142
72345
50106
68115
94879
92935
95892
92446
63725
79602
97623
56963
90443
1001
86020
27075
9599
70656
50003
94728
50830
85463
15900
53334
32638
33382
73551
20901
23430
92831
85756
50458
6360
88273
81327
53323
3644
2822
38452
28188
29139
55964
44305
58739
37425
81985
25594
83315
32750
75746
15493
77798
25970
16589
13167
35810
25082
37049
44279
69800
83086
18098
80009
8779
83460
27497
56269
18154
29626
87925
63708
83090
47257
28284
76459
59951
93641
33976
35369
38535
75145
26492
73049
71015
38783
89800
89417
53230
74463
21035
94172
38544
31011
42156
60515
45859
14048
60223
29629
43195
76849
99641
92873
91882
3472
44224
55231
88692
31314
96891
77581
79924
53367
71761
96430
30778
18340
41997
61756
43471
29499
47440
69274
6176
43052
9075
98518
48080
44676
72832
83895
67872
74136
6827
15520
91194
59144
84719
47367
56679
66967
43832
63308
55899
70837
76727
76355
33524
11429
99368
3473
34044
21835
99204
70629
73750
14704
15130
12834
12081
54394
49800
53209
24961
49851
88450
48001
12119
64433
9579
35563
87146
59967
50271
74473
33541
38762
89914
32738
20755
55060
79345
89471
9094
25955
45540
72224
40784
61425
97570
17240
40349
2711
45746
47662
62549
38589
11804
14537
34271
58786
86028
30571
25518
38402
12007
8025
31
84601
43242
98582
39674
33204
59988
27870
68467
60115
94642
49018
14025
70974
88878
35838
12816
24987
98546
89061
42169
58166
18626
81234
15337
40887
20038
25706
78650
30126
42252
45052
36500
67843
920
18522
45034
4223
62061
99842
29964
39707
65156
11700
74885
6850
92101
2713
9054
29138
29823
58071
94924
84705
61371
60945
56467
13764
28136
5146
32322
95336
19208
38313
21928
41572
74773
53133
18068
9816
8715
99526
88045
27135
31706
54143
77036
66992
64856
24794
60547
12860
72176
23410
15977
27890
65174
15842
13154
79943
22904
64622
3693
95073
37819
6605
18755
27448
29272
73633
80737
16134
44432
23421
70787
58906
90556
44514
26055
69243
93660
72149
98951
98727
75417
77563
82521
80679
85093
42483
80435
21802
52629
92116
58749
38742
15330
97785
42461
41648
78992
64039
64347
59837
41875
82409
77853
72539
15524
3455
76688
11124
58168
77738
56370
35794
60117
37726
12628
15639
95104
30143
7061
51522
2639
31484
70810
57784
23258
42733
41999
42810
83209
67226
35369
71652
2048
10492
40480
42023
70362
93915
20762
97698
18011
12953
87689
39583
15876
88492
23422
28519
52981
77462
30787
30483
40350
91956
26750
47461
10220
35768
3209
29832
94623
48498
59428
45284
51128
91607
47260
31422
560
96973
16185
20430
21192
39120
32009
20399
39644
59644
58019
20163
91784
61167
86960
91494
39873
58193
45922
54147
6150
38300
21549
92713
55183
99072
70600
26480
22255
18078
15082
16411
54168
79161
85480
6123
7781
86546
46846
8471
42999
68694
10800
87580
36659
84619
34868
23675
90732
2901
44738
36047
95946
5590
78054
60765
33783
94912
58961
81111
90845
88118
50380
8855
78667
94665
28198
44624
75184
73873
76127
78428
95849
60553
29717
33303
86433
3952
13898
59975
45822
80429
51868
15658
66667
27334
6747
64141
59965
70875
73187
47586
58068
68374
57721
53388
667
82872
40998
11418
35973
94990
26672
72484
61502
84883
34420
65604
17240
73645
16077
97476
41194
47276
44321
65962
95323
93050
26826
8244
18571
74251
69150
56124
57230
11084
17283
3887
73367
51850
20518
1760
86836
1717
23868
48957
13324
70316
56461
44903
50214
68836
49349
57988
22722
68319
60352
2729
25545
69416
48058
94342
99175
61654
95756
39970
41456
70350
72885
39730
56122
75755
53493
34073
19708
26388
34413
32493
54925
12741
97464
91495
69602
10141
7367
79284
91030
71865
21309
90867
23160
35376
96974
53293
2407
66909
36770
40880
68899
64410
36490
56023
15730
84203
64972
61709
14572
86907
75226
26411
53723
24500
43569
52711
18048
61686
29009
5780
68902
57227
65654
22135
72091
86577
68057
9324
43848
65403
95597
49463
59182
51406
29440
43334
37680
48325
30466
18409
12190
36465
65036
58043
60104
2674
38668
56217
1284
49503
9123
93495
83941
53544
29380
29081
39511
28760
84839
90017
98639
30465
31553
30537
51607
26256
51289
88063
76148
5432
6791
97301
64023
93135
12141
59511
85750
93237
55679
57011
87665
80599
40979
12529
69371
80108
81574
96837
20425
65925
91642
38522
73785
37717
46147
9997
11276
54242
85480
43462
63481
41976
12868
74249
20411
94112
33628
34984
55635
50562
83025
58969
44813
49961
84250
24706
74761
36000
62477
14566
32615
99610
62817
24157
32585
63216
10359
52839
40317
25454
54472
16686
61063
57893
94379
20248
96355
61080
20216
27537
56902
78431
28577
90797
29369
18315
49232
62438
1252
14197
56440
28291
76017
3861
43864
49615
16213
38663
61756
59001
37502
83825
92133
24388
36592
69066
25889
3727
82748
30873
13880
19734
89073
75622
6522
34180
1626
90097
88708
38814
18000
45402
32166
15772
6197
49938
30401
49160
52055
8815
72602
43688
49413
2406
69420
68481
49750
89518
51407
60634
77011
75458
79977
83846
67651
50543
9702
63630
48953
11019
6018
4204
21447
26518
11679
45393
20798
74199
74136
73674
88027
18412
63087
96277
30994
13699
20048
48482
10080
76788
33201
96859
37519
13583
77689
36784
6107
89318
21228
94384
352
7110
8415
19131
70269
8675
36668
40620
85548
12587
8188
47518
93555
14073
58188
31589
66678
86751
80691
66929
50440
53594
41930
49293
59249
70072
17726
83064
96196
18711
89024
76908
25788
78385
82188
66033
83037
16030
19379
63468
76391
48060
54144
58182
42664
7889
30836
88537
73841
87891
4828
90355
49928
88615
25599
93846
18531
84836
95733
70688
7240
948
32928
22599
6905
56159
42769
83237
57643
99256
32432
10865
86255
74187
77568
8782
43075
485
4506
80600
21043
74905
57878
1445
75016
26946
19497
36437
27256
14185
95240
39016
87459
95179
27781
31176
46784
24615
71827
60228
21387
67383
73896
57879
89633
48079
19148
39903
90446
41180
92311
53578
9113
57911
8263
73644
83901
28680
55346
89428
39176
83886
45760
13840
3255
95328
16212
47436
69181
67105
36957
50742
29943
76269
74740
87554
83581
60925
83396
29141
6943
65978
33059
33641
73692
99328
99616
38182
79257
65129
75260
12990
43376
83636
92049
62778
56782
49163
73238
24137
17433
91317
59825
70135
79275
14181
90290
85264
29958
40430
46731
89295
42791
26913
58437
43058
39651
39783
39790
28500
81553
18914
67422
97947
8054
26365
6301
15269
29017
87084
88917
58886
85832
85700
90521
78367
43669
66390
40973
29779
35301
21784
68933
33237
43230
73444
25578
11658
62590
94612
74758
36885
10630
56301
74464
83489
24423
51558
47702
41873
31873
60150
16543
54999
87238
51008
78471
53252
3018
72587
53401
31221
98218
63206
37734
36707
99274
54217
63648
23215
55083
85449
64534
44380
23261
40681
41779
27035
26751
67025
44268
64230
32341
66849
46463
63322
47769
88695
43406
71995
69977
59951
81445
47883
63306
9031
58360
94895
96653
18896
97873
86678
46586
43936
77989
20772
82795
28565
14190
14502
28091
66138
60853
13493
24473
78024
66213
90443
53594
57390
35343
68525
70942
74534
80001
85396
40554
86188
50270
9079
55019
2620
79718
62280
82317
47889
70071
90631
38811
39806
43759
84781
20054
25769
28028
81521
99538
73134
86711
34480
59079
47754
766
6927
94800
12512
71420
72392
9865
17597
19990
70710
39257
94906
6640
64781
69627
9997
77806
83407
70609
70746
12831
18039
38807
62257
13558
3680
24724
12135
18472
92223
91134
54674
60128
55183
92200
89775
48429
68987
9998
95056
31201
59218
80787
33426
7785
45804
85527
87316
88733
42620
63411
91839
74538
51379
97780
47193
53179
77968
40066
2517
94823
8684
30434
5088
9450
67371
47612
71631
51911
79752
79629
52056
73871
41444
15131
67693
80274
42259
4735
64072
99589
9900
11171
93009
45010
53729
59784
80131
29946
46404
212
76829
65866
47703
69200
78503
53963
11633
70749
40479
66964
49103
8719
58641
78384
38160
36792
74132
70331
19509
13627
73087
27735
79059
78167
18932
29016
16802
51970
34098
76380
20424
59984
353
64324
49366
22353
23702
10739
62835
64847
73568
16837
28818
54633
31520
27616
13611
69727
26243
44586
69705
43513
90083
35336
6067
89643
21525
81911
65180
26189
89571
69342
92904
19971
13915
15232
12532
34011
47985
70047
42649
32984
77338
29727
12700
32369
44612
24459
79111
66047
15027
31421
43398
31379
98048
16806
10015
28208
86530
65286
89892
54193
41485
78245
77522
36606
2896
12730
84588
40608
36148
21726
36423
25681
69030
25407
5924
37485
61684
62181
34485
49874
9790
91911
97633
26915
24301
66996
23627
99062
20609
7306
24312
55665
24071
3361
51159
47064
60855
14868
4714
60431
31598
37027
12883
26778
78638
95122
53861
5072
93641
9120
16235
67614
38897
34573
88370
28136
41923
53224
3478
3268
95705
13903
40817
71742
13995
48410
80491
66595
18374
92069
43125
89158
73399
53608
62648
22204
59670
9111
46992
77409
1590
33468
61704
72258
39871
73185
38627
47130
81789
22374
91854
33001
23406
72666
82470
2307
83475
77474
29272
81924
53309
35722
4517
24067
31122
51138
79662
50707
22123
16409
37930
44291
68602
40367
67876
12625
50752
44829
63467
42116
12701
12088
29146
82271
41914
1334
43520
69549
80344
48208
34666
11495
97179
82728
63394
7274
1579
94019
60761
86504
31712
67388
86027
27147
9312
28687
60520
31644
6778
26018
1521
42408
4606
66947
66483
93374
11214
92328
61952
52462
84268
74151
8315
51108
64049
42340
80539
6037
99540
1189
96028
49899
20055
52315
63694
66464
81718
2284
90808
58161
95431
3039
71786
11734
13566
73431
93446
26854
50079
95867
46968
50057
4404
2737
44028
29236
76599
75108
40394
93868
57111
13336
17984
49070
17003
92575
49376
3348
31737
90770
8345
27123
67086
3882
48039
65941
26566
32312
56652
85120
13116
41546
42683
62608
10774
24327
89186
83303
58001
79072
75105
18938
21084
84003
2841
91486
98651
35819
62427
30807
71644
84209
33926
6663
88663
36044
67633
6737
44192
44387
77457
62599
41979
92626
4645
80244
55936
17818
94230
98322
82619
69388
42440
96818
73800
44029
25491
4999
63692
17301
79327
10979
22777
934
85161
50312
39324
5562
79494
60399
52563
98768
14606
46085
11773
34175
79425
65607
96548
30743
30491
7797
12310
38946
1999
19001
74856
64283
76060
48435
3400
82367
64414
41864
55106
64851
29670
97205
89531
16375
27694
47567
79919
67952
6720
84045
69523
11037
62507
91323
66772
69916
82414
84870
88433
49598
40991
44573
32292
98743
69170
28527
95389
44861
54729
54940
18631
77413
56601
18323
83400
65813
24324
49885
15977
94424
95348
11747
90991
46402
75726
15854
98406
2866
49991
73751
46579
59293
6561
98760
25892
99388
64742
14021
96873
26530
26245
69962
51627
67825
96874
76219
89150
82186
80301
35676
46770
63347
33389
53859
5899
38957
68186
56528
10157
86774
1202
83202
3210
83331
37754
13526
74993
48379
46646
57052
68741
53942
49743
94195
7775
62577
33578
71362
93887
55344
25188
39484
62184
44801
75198
86515
25388
35392
11875
18809
66333
28550
46761
74780
78227
17630
51192
69233
38071
67239
84071
19508
62367
81806
46303
43639
34308
87849
97502
74280
3880
99809
53194
55928
33184
70131
16545
69205
717
91015
87134
88495
44251
88808
86310
29142
15016
43502
51801
75562
33026
83214
26857
85698
1080
71660
70846
78237
2561
62545
23869
55305
59592
78398
68517
10670
30688
40259
63722
16580
83596
57983
71656
62758
30120
47794
12287
1279
81710
21693
33153
29296
92343
68409
22717
73173
99869
33238
92668
39139
16382
93886
942
41699
93086
44983
58704
10772
55558
2009
57375
74226
77319
98497
29168
47970
82708
24274
70490
43022
67655
47509
52536
23341
95612
88259
66218
996
42024
74817
84396
84343
23292
35071
12789
70989
52559
40112
65257
21416
90435
2544
42568
89570
90534
19883
61742
56168
48165
81506
24699
51159
51008
8683
2763
44161
7871
54653
52534
22400
70432
32531
94019
61126
91527
44986
90784
58113
64327
24880
29053
57119
87058
59802
82339
16909
89480
67716
45524
34261
80755
97167
14357
51424
41851
99474
50353
8605
35704
60335
44245
96300
9497
82446
70933
60828
34267
30262
82527
35477
89389
45603
60309
80704
88014
67233
63508
7014
65942
61037
86141
21617
15983
5328
91836
1277
68924
11110
43975
3696
49855
46293
88959
23767
76258
81400
54460
15651
98892
66601
3890
23319
56400
16118
37643
22885
94738
86731
83299
59558
44684
55563
14451
55909
59285
19811
75307
58101
59532
36487
30343
235
75989
73264
75759
56100
47551
21548
14324
6738
98437
22660
18582
814
48131
34535
77442
44608
58361
3353
29312
99056
88137
92040
18385
43664
63574
56088
9363
36671
15106
17621
56470
58184
23079
15300
54476
20981
70335
9190
11848
21697
5922
72713
7803
34213
91172
27206
9686
42687
57112
60433
61705
23154
79021
10290
77368
32319
89591
28161
9836
4368
6883
38980
25886
59480
56399
98946
39010
61839
17958
81307
78319
11470
30797
57300
78143
55895
12938
69189
46922
16649
22875
82144
86102
10230
82883
54134
26117
50675
5482
56266
57254
3777
62952
77060
71815
90305
3021
69022
68224
7132
65664
79087
77710
9769
52788
10207
43429
32912
48231
30386
39129
33697
57606
44020
8216
1759
84502
81343
99752
58564
44677
15534
84521
50123
59802
2680
11039
10304
6809
4434
85782
25382
35096
60499
33023
33455
81600
83639
39415
54074
59684
61738
45375
5151
19296
22695
41453
38838
47577
73408
92856
55989
54341
48562
62968
17647
29542
86523
57784
95809
21303
7882
11244
2582
50580
22946
64985
13369
65676
76768
20371
11132
44695
70640
36268
84193
78667
98259
21437
90262
10854
3497
43676
29241
88567
18674
84904
84248
30438
21574
54304
42266
20504
12736
87022
26027
71412
93022
70189
82114
87718
73167
32643
19634
16895
47700
64636
64901
71913
96299
60204
50635
3271
18318
96395
79081
13188
69644
99066
74871
39684
87990
21071
54183
83867
36973
53120
95506
9675
61360
14963
40464
40993
82915
85153
22544
36334
4248
24055
18521
26715
56405
96647
1720
86335
71311
22161
94235
66241
76016
9827
8401
20745
99444
53324
10305
93589
59221
44850
69050
10258
47063
48504
61874
76340
3632
83479
30530
86410
42705
74080
30831
32993
79033
50508
82721
96109
81455
76888
503
23556
52571
33218
94726
94566
32761
25784
16517
43695
77275
586
62774
85057
70064
42192
50724
9351
74994
42070
99282
43350
33537
6673
96016
81634
81670
2924
52177
77373
82123
15634
36887
86393
74454
89143
52425
27335
38867
36453
38235
75927
57009
69096
4197
6043
1100
69492
47279
23609
82851
18764
61012
25302
38286
37566
10298
96854
66764
35477
73704
87949
66798
49319
74304
27658
41704
35998
80320
38688
44215
35166
76895
47337
12260
43409
75867
49103
16904
37004
19575
30887
19005
93802
36029
17534
99357
59712
16261
97999
7990
7130
1473
73815
52422
69662
39693
28527
57138
77371
28292
82390
55202
36486
38370
43627
72351
81018
18655
81905
45069
47109
72974
65392
67232
53304
80746
65288
76797
65395
69734
12205
5501
60885
80226
6671
86178
1048
26973
37054
77523
80723
4943
25405
11311
33225
53152
12559
42055
66385
72717
12400
17851
92228
21373
54975
18910
5237
46122
69547
95843
63928
86251
2963
87734
99569
97147
80477
20892
71771
33397
90203
12690
70500
53233
98548
22945
64313
63041
71117
9366
25571
10370
28804
34791
51681
86867
33832
28411
48965
46920
13921
13993
79215
45028
7985
73103
29176
19297
65669
40797
81253
3888
24487
22348
81737
60726
87979
2006
97839
30574
55218
84964
73266
17338
41164
39330
99293
62990
98869
89561
27564
99224
93862
8624
86313
68290
31998
92541
41774
81641
87575
60007
58855
66111
1321
11122
40497
82107
98255
96941
88101
53803
80135
